0 0.2814070351758794 0.22991071428571427 0.035175879396984924 0.11160714285714286
0 0.3542713567839196 0.12276785714285714 0.03015075376884422 0.12053571428571429
0 0.4836683417085427 0.33482142857142855 0.032663316582914576 0.13392857142857142
0 0.42462311557788945 0.8727678571428571 0.05025125628140704 0.17410714285714285
2 0.7537688442211056 0.3080357142857143 0.020100502512562814 0.03571428571428571
0 0.157035175879397 0.4575892857142857 0.03768844221105527 0.13839285714285715
0 0.2814070351758794 0.22991071428571427 0.035175879396984924 0.11160714285714286
0 0.3542713567839196 0.12276785714285714 0.03015075376884422 0.12053571428571429
0 0.4836683417085427 0.33482142857142855 0.032663316582914576 0.13392857142857142
0 0.42462311557788945 0.8727678571428571 0.05025125628140704 0.17410714285714285
2 0.7537688442211056 0.3080357142857143 0.020100502512562814 0.03571428571428571
0 0.157035175879397 0.4575892857142857 0.03768844221105527 0.13839285714285715
