0 0.7512562814070352 0.515625 0.05025125628140704 0.12946428571428573
0 0.2550251256281407 0.6160714285714286 0.04773869346733668 0.125
0 0.36055276381909546 0.5223214285714286 0.04773869346733668 0.125
0 0.9020100502512562 0.5535714285714286 0.05025125628140704 0.125
0 0.8932160804020101 0.6875 0.06281407035175879 0.13392857142857142
0 0.27261306532663315 0.22098214285714285 0.032663316582914576 0.11160714285714286
0 0.2600502512562814 0.7209821428571429 0.052763819095477386 0.12053571428571429
0 0.08668341708542714 0.5044642857142857 0.04271356783919598 0.13392857142857142
0 0.7512562814070352 0.515625 0.05025125628140704 0.12946428571428573
0 0.2550251256281407 0.6160714285714286 0.04773869346733668 0.125
0 0.36055276381909546 0.5223214285714286 0.04773869346733668 0.125
0 0.9020100502512562 0.5535714285714286 0.05025125628140704 0.125
0 0.8932160804020101 0.6875 0.06281407035175879 0.13392857142857142
0 0.27261306532663315 0.22098214285714285 0.032663316582914576 0.11160714285714286
0 0.2600502512562814 0.7209821428571429 0.052763819095477386 0.12053571428571429
0 0.08668341708542714 0.5044642857142857 0.04271356783919598 0.13392857142857142
