0 0.017587939698492462 0.38169642857142855 0.03015075376884422 0.11160714285714286
0 0.2701005025125628 0.5625 0.032663316582914576 0.125
0 0.7914572864321608 0.546875 0.035175879396984924 0.12053571428571429
0 0.41331658291457285 0.9464285714285714 0.03768844221105527 0.10714285714285714
0 0.44974874371859297 0.45982142857142855 0.03015075376884422 0.11607142857142858
0 0.6821608040201005 0.3794642857142857 0.032663316582914576 0.10714285714285714
2 0.6557788944723618 0.40848214285714285 0.01507537688442211 0.03125
0 0.4120603015075377 0.4017857142857143 0.03015075376884422 0.11607142857142858
0 0.017587939698492462 0.38169642857142855 0.03015075376884422 0.11160714285714286
0 0.2701005025125628 0.5625 0.032663316582914576 0.125
0 0.7914572864321608 0.546875 0.035175879396984924 0.12053571428571429
0 0.41331658291457285 0.9464285714285714 0.03768844221105527 0.10714285714285714
0 0.44974874371859297 0.45982142857142855 0.03015075376884422 0.11607142857142858
0 0.6821608040201005 0.3794642857142857 0.032663316582914576 0.10714285714285714
2 0.6557788944723618 0.40848214285714285 0.01507537688442211 0.03125
0 0.4120603015075377 0.4017857142857143 0.03015075376884422 0.11607142857142858
