0 0.5175879396984925 0.29910714285714285 0.035175879396984924 0.09821428571428571
0 0.6130653266331658 0.4174107142857143 0.02512562814070352 0.12053571428571429
0 0.9535175879396985 0.27901785714285715 0.03768844221105527 0.10267857142857142
0 0.5175879396984925 0.6964285714285714 0.04020100502512563 0.13392857142857142
0 0.13944723618090452 0.3794642857142857 0.04271356783919598 0.10714285714285714
0 0.592964824120603 0.2700892857142857 0.02512562814070352 0.10267857142857142
0 0.5175879396984925 0.29910714285714285 0.035175879396984924 0.09821428571428571
0 0.6130653266331658 0.4174107142857143 0.02512562814070352 0.12053571428571429
0 0.9535175879396985 0.27901785714285715 0.03768844221105527 0.10267857142857142
0 0.5175879396984925 0.6964285714285714 0.04020100502512563 0.13392857142857142
0 0.13944723618090452 0.3794642857142857 0.04271356783919598 0.10714285714285714
0 0.592964824120603 0.2700892857142857 0.02512562814070352 0.10267857142857142
