0 0.4296482412060301 0.9375 0.04020100502512563 0.125
0 0.7223618090452262 0.5870535714285714 0.04773869346733668 0.14732142857142858
0 0.22110552763819097 0.5870535714285714 0.04020100502512563 0.12946428571428573
2 0.6658291457286433 0.421875 0.020100502512562814 0.03125
0 0.15452261306532664 0.18526785714285715 0.032663316582914576 0.08482142857142858
0 0.6771356783919598 0.38169642857142855 0.03768844221105527 0.11160714285714286
0 0.43090452261306533 0.47544642857142855 0.03768844221105527 0.12053571428571429
0 0.04773869346733668 0.48660714285714285 0.04020100502512563 0.125
0 0.16080402010050251 0.765625 0.04522613065326633 0.16517857142857142
0 0.4296482412060301 0.9375 0.04020100502512563 0.125
0 0.7223618090452262 0.5870535714285714 0.04773869346733668 0.14732142857142858
0 0.22110552763819097 0.5870535714285714 0.04020100502512563 0.12946428571428573
2 0.6658291457286433 0.421875 0.020100502512562814 0.03125
0 0.15452261306532664 0.18526785714285715 0.032663316582914576 0.08482142857142858
0 0.6771356783919598 0.38169642857142855 0.03768844221105527 0.11160714285714286
0 0.43090452261306533 0.47544642857142855 0.03768844221105527 0.12053571428571429
0 0.04773869346733668 0.48660714285714285 0.04020100502512563 0.125
0 0.16080402010050251 0.765625 0.04522613065326633 0.16517857142857142
