0 0.478643216080402 0.6026785714285714 0.032663316582914576 0.125
0 0.8128140703517588 0.5334821428571429 0.032663316582914576 0.12946428571428573
2 0.7349246231155779 0.6316964285714286 0.02763819095477387 0.04017857142857143
0 0.49120603015075376 0.47098214285714285 0.032663316582914576 0.13839285714285715
0 0.36432160804020103 0.29464285714285715 0.03015075376884422 0.125
0 0.4585427135678392 0.5691964285714286 0.02763819095477387 0.12053571428571429
1 0.5804020100502513 0.6450892857142857 0.06030150753768844 0.15625
0 0.478643216080402 0.6026785714285714 0.032663316582914576 0.125
0 0.8128140703517588 0.5334821428571429 0.032663316582914576 0.12946428571428573
2 0.7349246231155779 0.6316964285714286 0.02763819095477387 0.04017857142857143
0 0.49120603015075376 0.47098214285714285 0.032663316582914576 0.13839285714285715
0 0.36432160804020103 0.29464285714285715 0.03015075376884422 0.125
0 0.4585427135678392 0.5691964285714286 0.02763819095477387 0.12053571428571429
1 0.5804020100502513 0.6450892857142857 0.06030150753768844 0.15625
