2 0.3128140703517588 0.48660714285714285 0.022613065326633167 0.03571428571428571
0 0.9874371859296482 0.5022321428571429 0.02512562814070352 0.13839285714285715
0 0.6507537688442211 0.234375 0.03015075376884422 0.11160714285714286
0 0.44221105527638194 0.5424107142857143 0.035175879396984924 0.14732142857142858
0 0.21231155778894473 0.5602678571428571 0.03768844221105527 0.12946428571428573
0 0.2650753768844221 0.7388392857142857 0.03768844221105527 0.14732142857142858
2 0.3128140703517588 0.48660714285714285 0.022613065326633167 0.03571428571428571
0 0.9874371859296482 0.5022321428571429 0.02512562814070352 0.13839285714285715
0 0.6507537688442211 0.234375 0.03015075376884422 0.11160714285714286
0 0.44221105527638194 0.5424107142857143 0.035175879396984924 0.14732142857142858
0 0.21231155778894473 0.5602678571428571 0.03768844221105527 0.12946428571428573
0 0.2650753768844221 0.7388392857142857 0.03768844221105527 0.14732142857142858
