1 0.11683417085427136 0.5044642857142857 0.032663316582914576 0.11607142857142858
0 0.835427135678392 0.21428571428571427 0.02763819095477387 0.10714285714285714
0 0.6067839195979899 0.36830357142857145 0.02763819095477387 0.08482142857142858
0 0.12814070351758794 0.38169642857142855 0.02512562814070352 0.10267857142857142
0 0.4899497487437186 0.4642857142857143 0.035175879396984924 0.11607142857142858
0 0.43467336683417085 0.13169642857142858 0.02512562814070352 0.08482142857142858
0 0.2022613065326633 0.49107142857142855 0.032663316582914576 0.11607142857142858
0 0.5326633165829145 0.44642857142857145 0.03015075376884422 0.10714285714285714
0 0.30025125628140703 0.20758928571428573 0.032663316582914576 0.08482142857142858
0 0.5263819095477387 0.34375 0.02763819095477387 0.09821428571428571
1 0.11683417085427136 0.5044642857142857 0.032663316582914576 0.11607142857142858
0 0.835427135678392 0.21428571428571427 0.02763819095477387 0.10714285714285714
0 0.6067839195979899 0.36830357142857145 0.02763819095477387 0.08482142857142858
0 0.12814070351758794 0.38169642857142855 0.02512562814070352 0.10267857142857142
0 0.4899497487437186 0.4642857142857143 0.035175879396984924 0.11607142857142858
0 0.43467336683417085 0.13169642857142858 0.02512562814070352 0.08482142857142858
0 0.2022613065326633 0.49107142857142855 0.032663316582914576 0.11607142857142858
0 0.5326633165829145 0.44642857142857145 0.03015075376884422 0.10714285714285714
0 0.30025125628140703 0.20758928571428573 0.032663316582914576 0.08482142857142858
0 0.5263819095477387 0.34375 0.02763819095477387 0.09821428571428571
