0 0.3341708542713568 0.4263392857142857 0.05025125628140704 0.12053571428571429
0 0.0992462311557789 0.37276785714285715 0.03768844221105527 0.12053571428571429
0 0.1972361809045226 0.35714285714285715 0.032663316582914576 0.10714285714285714
0 0.3103015075376884 0.32589285714285715 0.02763819095477387 0.10714285714285714
0 0.4962311557788945 0.14955357142857142 0.02763819095477387 0.10267857142857142
0 0.3341708542713568 0.4263392857142857 0.05025125628140704 0.12053571428571429
0 0.0992462311557789 0.37276785714285715 0.03768844221105527 0.12053571428571429
0 0.1972361809045226 0.35714285714285715 0.032663316582914576 0.10714285714285714
0 0.3103015075376884 0.32589285714285715 0.02763819095477387 0.10714285714285714
0 0.4962311557788945 0.14955357142857142 0.02763819095477387 0.10267857142857142
