0 0.8366834170854272 0.5022321428571429 0.035175879396984924 0.13839285714285715
0 0.3907035175879397 0.3125 0.032663316582914576 0.09821428571428571
0 0.6608040201005025 0.6205357142857143 0.04522613065326633 0.15178571428571427
0 0.16959798994974876 0.6316964285714286 0.032663316582914576 0.15625
0 0.0829145728643216 0.703125 0.04522613065326633 0.14732142857142858
0 0.9912060301507538 0.22321428571428573 0.017587939698492462 0.10714285714285714
2 0.37814070351758794 0.3705357142857143 0.017587939698492462 0.026785714285714284
0 0.8366834170854272 0.5022321428571429 0.035175879396984924 0.13839285714285715
0 0.3907035175879397 0.3125 0.032663316582914576 0.09821428571428571
0 0.6608040201005025 0.6205357142857143 0.04522613065326633 0.15178571428571427
0 0.16959798994974876 0.6316964285714286 0.032663316582914576 0.15625
0 0.0829145728643216 0.703125 0.04522613065326633 0.14732142857142858
0 0.9912060301507538 0.22321428571428573 0.017587939698492462 0.10714285714285714
2 0.37814070351758794 0.3705357142857143 0.017587939698492462 0.026785714285714284
