0 0.33125 0.5118055555555555 0.0515625 0.1375
0 0.223828125 0.5923611111111111 0.05703125 0.14583333333333334
0 0.5390625 0.5333333333333333 0.0421875 0.14722222222222223
0 0.986328125 0.46458333333333335 0.02734375 0.1625
0 0.64140625 0.5208333333333334 0.0390625 0.14166666666666666
0 0.60625 0.3798611111111111 0.0328125 0.12638888888888888
0 0.33125 0.5118055555555555 0.0515625 0.1375
0 0.223828125 0.5923611111111111 0.05703125 0.14583333333333334
0 0.5390625 0.5333333333333333 0.0421875 0.14722222222222223
0 0.986328125 0.46458333333333335 0.02734375 0.1625
0 0.64140625 0.5208333333333334 0.0390625 0.14166666666666666
0 0.60625 0.3798611111111111 0.0328125 0.12638888888888888
