0 0.53828125 0.5673611111111111 0.0359375 0.11805555555555555
0 0.653515625 0.4479166666666667 0.03359375 0.10416666666666667
0 0.487109375 0.4131944444444444 0.03828125 0.08472222222222223
1 0.21328125 0.5229166666666667 0.0390625 0.10416666666666667
0 0.423828125 0.4 0.03046875 0.09166666666666666
0 0.22421875 0.9152777777777777 0.040625 0.14444444444444443
0 0.386328125 0.8756944444444444 0.03984375 0.1486111111111111
0 0.620703125 0.375 0.02734375 0.07777777777777778
0 0.56796875 0.7909722222222222 0.040625 0.14305555555555555
0 0.707421875 0.5534722222222223 0.03359375 0.12638888888888888
0 0.53828125 0.5673611111111111 0.0359375 0.11805555555555555
0 0.653515625 0.4479166666666667 0.03359375 0.10416666666666667
0 0.487109375 0.4131944444444444 0.03828125 0.08472222222222223
1 0.21328125 0.5229166666666667 0.0390625 0.10416666666666667
0 0.423828125 0.4 0.03046875 0.09166666666666666
0 0.22421875 0.9152777777777777 0.040625 0.14444444444444443
0 0.386328125 0.8756944444444444 0.03984375 0.1486111111111111
0 0.620703125 0.375 0.02734375 0.07777777777777778
0 0.56796875 0.7909722222222222 0.040625 0.14305555555555555
0 0.707421875 0.5534722222222223 0.03359375 0.12638888888888888
