0 0.645703125 0.6777777777777778 0.03515625 0.11666666666666667
0 0.941015625 0.25069444444444444 0.02890625 0.08194444444444444
1 0.162109375 0.46805555555555556 0.02890625 0.10277777777777777
0 0.46171875 0.29097222222222224 0.0359375 0.07361111111111111
0 0.67890625 0.6409722222222223 0.028125 0.10694444444444444
0 0.35625 0.4270833333333333 0.0296875 0.09583333333333334
0 0.384375 0.2722222222222222 0.0359375 0.09444444444444444
0 0.645703125 0.6777777777777778 0.03515625 0.11666666666666667
0 0.941015625 0.25069444444444444 0.02890625 0.08194444444444444
1 0.162109375 0.46805555555555556 0.02890625 0.10277777777777777
0 0.46171875 0.29097222222222224 0.0359375 0.07361111111111111
0 0.67890625 0.6409722222222223 0.028125 0.10694444444444444
0 0.35625 0.4270833333333333 0.0296875 0.09583333333333334
0 0.384375 0.2722222222222222 0.0359375 0.09444444444444444
