0 0.448046875 0.45625 0.04453125 0.12083333333333333
0 0.54375 0.3861111111111111 0.04375 0.12777777777777777
0 0.496875 0.5104166666666666 0.040625 0.15138888888888888
0 0.2640625 0.5118055555555555 0.0390625 0.1486111111111111
2 0.303515625 0.4076388888888889 0.02265625 0.034722222222222224
0 0.61640625 0.5166666666666667 0.0421875 0.16111111111111112
0 0.57265625 0.41875 0.05 0.12916666666666668
0 0.448046875 0.45625 0.04453125 0.12083333333333333
0 0.54375 0.3861111111111111 0.04375 0.12777777777777777
0 0.496875 0.5104166666666666 0.040625 0.15138888888888888
0 0.2640625 0.5118055555555555 0.0390625 0.1486111111111111
2 0.303515625 0.4076388888888889 0.02265625 0.034722222222222224
0 0.61640625 0.5166666666666667 0.0421875 0.16111111111111112
0 0.57265625 0.41875 0.05 0.12916666666666668
